000000579818
000000438862
000000069795
000000384670
000000327769
000000522751
000000528980
000000070048
000000304396
000000157365
000000196442
000000231580
000000094871
000000079229
000000144984
000000376442
000000530624
000000360393
000000088951
000000221708
000000033759
000000017031
000000379332
000000566042
000000488736
000000460967
000000152214
000000350002
000000409630
000000330369
000000500565
000000345397
000000180560
000000345261
000000093965
000000529528
000000554838
000000185250
000000277197
000000155291
000000446651
000000351362
000000445834
000000469067
000000297147
000000099054
000000040757
000000312213
000000209747
000000197004
000000577539
000000168593
000000463037
000000279730
000000448256
000000422670
000000162130
000000112378
000000535858
000000237864
000000217400
000000018770
000000090108
000000486040
000000414133
000000061584
000000100238
000000347544
000000459272
000000140439
000000132408
000000273420
000000390826
000000222235
000000520009
000000260925
000000249643
000000205333
000000350833
000000204329
000000555009
000000274066
000000257896
000000262440
000000527427
000000148783
000000166509
000000063154
000000043816
000000579321
000000319721
000000060090
000000460494
000000183437
000000289702
000000499313
000000562229
000000410878
000000071756
000000042070
000000209757
000000244181
000000344888
000000239041
000000260105
000000434548
000000510095
000000269316
000000447917
000000430286
000000209613
000000235241
000000471450
000000449198
000000135673
000000311392
000000167159
000000113235
000000162543
000000182021
000000042628
000000357567
000000244750
000000383339
000000163118
000000438226
000000088250
000000110638
000000527695
000000560279
000000075393
000000275058
000000028452
000000151629
000000262487
000000058111
000000179285
000000574315
000000265518
000000399462
000000464358
000000144932
000000306582
000000286523
000000393569
000000362716
000000325306
000000264535
000000322895
000000569976
000000396518
000000132375
000000237984
000000069213
000000418281
000000261706
000000489611
000000445248
000000253835
000000366178
000000005529
000000306136
000000039785
000000032570
000000229216
000000508370
000000420840
000000234660
000000080949
000000120777
000000436551
000000220764
000000052413
000000015079
000000016439
000000312192
000000127530
000000170613
000000343453
000000132931
000000174231
000000161879
000000353096
000000091921
000000511760
000000099053
000000068833
000000349302
000000124277
000000503823
000000099024
000000459809
000000190307
000000452321
000000530061
000000579970
000000123585
000000410712
000000058393
000000229221
000000113051
000000481413
000000308545
000000293858
000000532761
000000496597
000000407868
000000022969
000000574520
000000407646
000000171757
000000562581
000000335954
000000097679
000000164885
000000545007
000000316404
000000318114
000000115898
000000146489
000000090208
000000404922
000000235857
000000549220
000000149568
000000140420
000000493864
000000119677
000000461009
000000577182
000000418062
000000409542
000000378244
000000093353
000000303893
000000068078
000000206135
000000377113
000000460347
000000125211
000000323571
000000411953
000000118921
000000034139
000000377670
000000352582
000000579902
000000463690
000000120572
000000426376
000000343524
000000162415
000000481480
000000248284
000000521540
000000213171
000000286994
000000166166
000000434297
000000332845
000000147518
000000022892
000000200421
000000447187
000000038048
000000466125
000000168337
000000529762
000000271402
000000229997
000000336265
000000079651
000000300341
000000099182
000000376278
000000358923
000000438907
000000285894
000000137294
000000446574
000000232563
000000225405
000000396903
000000377486
000000162581
000000241319
000000357459
000000167486
000000011511
000000010764
000000191288
000000280930
000000100283
000000110359
000000371677
000000088970
000000047740
000000481582
000000160556
000000372349
000000233033
000000051610
000000423123
000000367569
000000532058
000000530099
000000101762
000000080666
000000329447
000000451144
000000195045
000000007816
000000122927
000000347370
000000580197
000000138856
000000173091
000000085823
000000068286
000000064868
000000525600
000000122606
000000440336
000000125062
000000565391
000000442306
000000040036
000000581100
000000414676
000000297022
000000376310
000000033707
000000010363
000000143998
000000181499
000000485972
000000431727
000000323202
000000283113
000000122745
000000048924
000000046252
000000007386
000000521509
000000533206
000000043581
000000133645
000000046497
000000352684
000000569565
000000311394
000000398237
000000052565
000000253819
000000568584
000000402992
000000578922
000000476514
000000073118
000000082765
000000509824
000000159282
000000427034
000000082688
000000047769
000000102331
000000237928
000000300233
000000546626
000000294162
000000190853
000000372203
000000261732
000000214224
000000447313
000000565624
000000476704
000000439593
000000293390
000000261061
000000252701
000000568213
000000165336
000000535094
000000168458
000000334521
000000073946
000000190140
000000408112
000000482100
000000025560
000000153797
000000166165
000000132796
000000492968
000000013597
000000317999
000000266206
000000221155
000000419601
000000338191
000000467776
000000158956
000000560911
000000369081
000000195754
000000181859
000000189436
000000070739
000000098018
000000196009
000000155443
000000295478
000000224200
000000370375
000000409198
000000485480
000000244411
000000456303
000000415748
000000155154
000000167128
000000367818
000000162035
000000276285
000000384350
000000203639
000000079837
000000302990
000000138550
000000272364
000000062692
000000471756
000000265108
000000560178
000000411774
000000406417
000000054592
000000174123
000000440171
000000222455
000000237517
000000404923
000000293804
000000024144
000000421455
000000070158
000000489924
000000171611
000000168883
000000331352
000000023359
000000526392
000000549674
000000578236
000000402774
000000109055
000000302760
000000463918
000000133778
000000438876
000000006460
000000412362
000000091779
000000232538
000000350003
000000167067
000000528862
000000041872
000000099810
000000540466
000000078032
000000133343
000000184400
000000410735
000000508730
000000279145
000000076211
000000559707
000000014007
000000345941
000000351589
000000078426
000000550691
000000422998
000000513580
000000385997
000000017905
000000234607
000000231549
000000205324
000000389684
000000491867
000000210708
000000236784
000000215259
000000377814
000000292082
000000364557
000000542856
